leppt  FIT   25
Total_MJ: 34258.7
MJ_ratio: 0.0687409 0.000919252
MJ_ratio_err: 0.000919252 0.000919252
Fit_MJ: 64946
Loose_data: 974001
Loose_ew: 927954
Fit_Factor: 1.89575
CR1_data: 36018
CR1_ew: 1721.13
CR1_mj: 34296.9
CR1_err: 194.266
CR2_data: 3958
CR2_ew: 1342.28
CR2_mj: 2615.72
CR2_err: 72.803
E_factor: 0.076267
E_error: 0.00216624
MJ: 4953.23
MJ_err: 155.502
