leppt  FIT   15
Total_MJ: 41096.4
MJ_ratio: 0.0537569 0.000802502
MJ_ratio_err: 0.000802502 0.000802502
Fit_MJ: 66413.9
Loose_data: 1.2686e+06
Loose_ew: 1.21754e+06
Fit_Factor: 1.61605
CR1_data: 52842
CR1_ew: 11508.7
CR1_mj: 41333.3
CR1_err: 253.674
CR2_data: 11370
CR2_ew: 9060.68
CR2_mj: 2309.32
CR2_err: 142.936
E_factor: 0.0558706
E_error: 0.00347509
MJ: 3710.59
MJ_err: 237.349
