pfo_mT  FIT   35
Total_MJ: 24287.6
MJ_ratio: 0.176066 0.00180107
MJ_ratio_err: 0.00180107 0.00180107
Fit_MJ: 67119.4
Loose_data: 1.26861e+06
Loose_ew: 1.21755e+06
Fit_Factor: 2.76353
CR1_data: 25178
CR1_ew: 871.656
CR1_mj: 24306.3
CR1_err: 161.399
CR2_data: 2441
CR2_ew: 647.394
CR2_mj: 1793.61
CR2_err: 55.5733
E_factor: 0.0737917
E_error: 0.00233829
MJ: 4952.85
MJ_err: 164.92
