pfo_met  FIT   25
Total_MJ: 35202.4
MJ_ratio: 0.15994 0.00133684
MJ_ratio_err: 0.00133684 0.00133684
Fit_MJ: 68913.4
Loose_data: 1.26858e+06
Loose_ew: 1.21755e+06
Fit_Factor: 1.95764
CR1_data: 37530
CR1_ew: 2281.08
CR1_mj: 35248.9
CR1_err: 199.527
CR2_data: 4182
CR2_ew: 1792.07
CR2_mj: 2389.93
CR2_err: 77.2921
E_factor: 0.0678016
E_error: 0.00222608
MJ: 4672.44
MJ_err: 158.3
