pfo_met  FIT   32.5
Total_MJ: 24967.6
MJ_ratio: 0.585927 0.00396002
MJ_ratio_err: 0.00396002 0.00396002
Fit_MJ: 485195
Loose_data: 1.63353e+06
Loose_ew: 1.18823e+06
Fit_Factor: 19.433
CR1_data: 25112
CR1_ew: 141.505
CR1_mj: 24970.5
CR1_err: 158.914
CR2_data: 2333
CR2_ew: 149.292
CR2_mj: 2183.71
CR2_err: 49.8226
E_factor: 0.0874515
E_error: 0.00209303
MJ: 42431
MJ_err: 1055.24
