pfo_mT  FIT   32.5
Total_MJ: 24967.6
MJ_ratio: 0.618121 0.00423943
MJ_ratio_err: 0.00423943 0.00423943
Fit_MJ: 476950
Loose_data: 1.63355e+06
Loose_ew: 1.18824e+06
Fit_Factor: 19.1028
CR1_data: 25112
CR1_ew: 141.505
CR1_mj: 24970.5
CR1_err: 158.914
CR2_data: 2333
CR2_ew: 149.292
CR2_mj: 2183.71
CR2_err: 49.8226
E_factor: 0.0874515
E_error: 0.00209303
MJ: 41710
MJ_err: 1038.45
