pfo_mT  FIT   35
Total_MJ: 5808.32
MJ_ratio: 0.484775 0.00734136
MJ_ratio_err: 0.00734136 0.00734136
Fit_MJ: 164100
Loose_data: 921748
Loose_ew: 751313
Fit_Factor: 28.2526
CR1_data: 5950
CR1_ew: 138.844
CR1_mj: 5811.16
CR1_err: 78.031
CR2_data: 640
CR2_ew: 115.398
CR2_mj: 524.602
CR2_err: 27.4845
E_factor: 0.090275
E_error: 0.00488248
MJ: 14814.1
MJ_err: 832.032
