leppt  FIT   35
Total_MJ: 12125.5
MJ_ratio: 0.242841 0.00232456
MJ_ratio_err: 0.00232456 0.00232456
Fit_MJ: 271120
Loose_data: 1.14744e+06
Loose_ew: 846346
Fit_Factor: 22.3595
CR1_data: 12291
CR1_ew: 162.192
CR1_mj: 12128.8
CR1_err: 111.594
CR2_data: 732
CR2_ew: 132.684
CR2_mj: 599.316
CR2_err: 29.4055
E_factor: 0.0494126
E_error: 0.00246669
MJ: 13396.7
MJ_err: 680.953
