pfo_met  FIT   12.5
Total_MJ: 46389
MJ_ratio: 0.287914 0.00171948
MJ_ratio_err: 0.00171948 0.00171948
Fit_MJ: 158579
Loose_data: 1.44096e+06
Loose_ew: 1.31106e+06
Fit_Factor: 3.41847
CR1_data: 50945
CR1_ew: 4462.75
CR1_mj: 46482.2
CR1_err: 235.389
CR2_data: 6454
CR2_ew: 3648.59
CR2_mj: 2805.41
CR2_err: 100.512
E_factor: 0.0603544
E_error: 0.00450073
MJ: 9570.96
MJ_err: 716.007
