pfo_mT_p0: 11.9701  +/- 8.77063
pfo_mT_p1: 4648.02  +/- 281.964

pfo_met_p0: 15.0398  +/- 8.90217
pfo_met_p1: 4616.73  +/- 284.509

leppt_p0: 4.7888  +/- 8.62677
leppt_p1: 4601.81  +/- 279.977

CenVal: 4625.91
Err: 304.075
