pfo_mT_p0: 33.7429  +/- 9.26593
pfo_mT_p1: 3615.16  +/- 299.529

pfo_met_p0: 37.34  +/- 9.40397
pfo_met_p1: 3578.84  +/- 302.85

leppt_p0: 25.0425  +/- 9.21904
leppt_p1: 3646.34  +/- 301.547

CenVal: 3611.93
Err: 335.949
