leppt  FIT   35
Total_MJ: 5293.87
MJ_ratio: 0.0216966 0.00101498
MJ_ratio_err: 0.00101498 0.00101498
Fit_MJ: 14584.8
Loose_data: 680919
Loose_ew: 678556
Fit_Factor: 2.75504
CR1_data: 5733
CR1_ew: 429.364
CR1_mj: 5303.64
CR1_err: 78.5007
CR2_data: 1562
CR2_ew: 337.32
CR2_mj: 1224.68
CR2_err: 43.5812
E_factor: 0.230913
E_error: 0.00889968
MJ: 3367.83
MJ_err: 204.132
