leppt  FIT   25
Total_MJ: 7960.03
MJ_ratio: 0.0223469 0.00102789
MJ_ratio_err: 0.00102789 0.00102789
Fit_MJ: 15029.3
Loose_data: 680919
Loose_ew: 678556
Fit_Factor: 1.8881
CR1_data: 9138
CR1_ew: 1154.41
CR1_mj: 7983.59
CR1_err: 101.452
CR2_data: 2707
CR2_ew: 951.945
CR2_mj: 1755.05
CR2_err: 60.4892
E_factor: 0.219833
E_error: 0.00807528
MJ: 3303.94
MJ_err: 194.486
