leppt  FIT   15
Total_MJ: 93414.3
MJ_ratio: 0.115428 0.00106346
MJ_ratio_err: 0.00106346 0.00106346
Fit_MJ: 161221
Loose_data: 1.44096e+06
Loose_ew: 1.31104e+06
Fit_Factor: 1.72587
CR1_data: 99691
CR1_ew: 6272.47
CR1_mj: 93418.5
CR1_err: 325.52
CR2_data: 10275
CR2_ew: 4779.51
CR2_mj: 5495.49
CR2_err: 122.697
E_factor: 0.0588266
E_error: 0.00288964
MJ: 9484.07
MJ_err: 473.994
