leppt  FIT   12.5
Total_MJ: 46388
MJ_ratio: 0.113456 0.00115342
MJ_ratio_err: 0.00115342 0.00115342
Fit_MJ: 158473
Loose_data: 1.44096e+06
Loose_ew: 1.31104e+06
Fit_Factor: 3.41626
CR1_data: 50945
CR1_ew: 4462.75
CR1_mj: 46482.2
CR1_err: 235.389
CR2_data: 7733
CR2_ew: 4120.88
CR2_mj: 3612.12
CR2_err: 108.876
E_factor: 0.0777096
E_error: 0.00504278
MJ: 12314.9
MJ_err: 808.893
