leppt  FIT   35
Total_MJ: 212416
MJ_ratio: 0.173464 0.0014655
MJ_ratio_err: 0.0014655 0.0014655
Fit_MJ: 304639
Loose_data: 1.84165e+06
Loose_ew: 1.55794e+06
Fit_Factor: 1.43417
CR1_data: 214267
CR1_ew: 1395.11
CR1_mj: 212872
CR1_err: 464.394
CR2_data: 3577
CR2_ew: 826.267
CR2_mj: 2750.73
CR2_err: 66.3571
E_factor: 0.012922
E_error: 0.000312995
MJ: 3936.55
MJ_err: 100.984
