leppt  FIT   45
Total_MJ: 916.717
MJ_ratio: 0.104582 0.00483862
MJ_ratio_err: 0.00483862 0.00483862
Fit_MJ: 71038.3
Loose_data: 689781
Loose_ew: 611560
Fit_Factor: 77.4921
CR1_data: 972
CR1_ew: 54.1776
CR1_mj: 917.822
CR1_err: 32.034
CR2_data: 217
CR2_ew: 43.224
CR2_mj: 173.776
CR2_err: 16.1315
E_factor: 0.189335
E_error: 0.018777
MJ: 13450
MJ_err: 1471.9
