pfo_met  FIT   35
Total_MJ: 2334.73
MJ_ratio: 0.325168 0.0076773
MJ_ratio_err: 0.0076773 0.0076773
Fit_MJ: 75830.7
Loose_data: 689777
Loose_ew: 611565
Fit_Factor: 32.4794
CR1_data: 2451
CR1_ew: 113.94
CR1_mj: 2337.06
CR1_err: 50.6452
CR2_data: 495
CR2_ew: 99.2022
CR2_mj: 395.798
CR2_err: 24.3763
E_factor: 0.169357
E_error: 0.0110572
MJ: 12842.5
MJ_err: 891.613
