pfo_mT  FIT   25
Total_MJ: 5575.77
MJ_ratio: 0.346999 0.00607788
MJ_ratio_err: 0.00607788 0.00607788
Fit_MJ: 73156.2
Loose_data: 689782
Loose_ew: 611566
Fit_Factor: 13.1204
CR1_data: 5910
CR1_ew: 327.541
CR1_mj: 5582.46
CR1_err: 78.9781
CR2_data: 1202
CR2_ew: 270.909
CR2_mj: 931.091
CR2_err: 38.3785
E_factor: 0.166789
E_error: 0.00726852
MJ: 12201.6
MJ_err: 573.08
