leppt  FIT   45
Total_MJ: 3073.85
MJ_ratio: 0.0220203 0.00107221
MJ_ratio_err: 0.00107221 0.00107221
Fit_MJ: 14804.4
Loose_data: 680919
Loose_ew: 678556
Fit_Factor: 4.81623
CR1_data: 3278
CR1_ew: 200.07
CR1_mj: 3077.93
CR1_err: 58.9752
CR2_data: 870
CR2_ew: 156.257
CR2_mj: 713.743
CR2_err: 32.0352
E_factor: 0.231891
E_error: 0.0113168
MJ: 3432.99
MJ_err: 236.666
