leppt  FIT   15
Total_MJ: 13050.3
MJ_ratio: 0.0805157 0.00126535
MJ_ratio_err: 0.00126535 0.00126535
Fit_MJ: 70412.1
Loose_data: 886982
Loose_ew: 805229
Fit_Factor: 5.39544
CR1_data: 15959
CR1_ew: 2850.54
CR1_mj: 13108.5
CR1_err: 137.148
CR2_data: 4561
CR2_ew: 2386.8
CR2_mj: 2174.2
CR2_err: 83.3535
E_factor: 0.165862
E_error: 0.00659129
MJ: 11678.7
MJ_err: 499.08
