pfo_met  FIT   15
Total_MJ: 13050.3
MJ_ratio: 0.246395 0.00287391
MJ_ratio_err: 0.00287391 0.00287391
Fit_MJ: 73397.5
Loose_data: 886985
Loose_ew: 805226
Fit_Factor: 5.62421
CR1_data: 15959
CR1_ew: 2850.54
CR1_mj: 13108.5
CR1_err: 137.148
CR2_data: 4561
CR2_ew: 2386.8
CR2_mj: 2174.2
CR2_err: 83.3535
E_factor: 0.165862
E_error: 0.00659129
MJ: 12173.9
MJ_err: 504.193
