pfo_met  FIT   15
Total_MJ: 40517.8
MJ_ratio: 0.211231 0.00180203
MJ_ratio_err: 0.00180203 0.00180203
Fit_MJ: 67643.3
Loose_data: 974011
Loose_ew: 927964
Fit_Factor: 1.66947
CR1_data: 48954
CR1_ew: 8265.56
CR1_mj: 40688.4
CR1_err: 239.206
CR2_data: 9330
CR2_ew: 6616.82
CR2_mj: 2713.18
CR2_err: 126.281
E_factor: 0.0666819
E_error: 0.00312826
MJ: 4510.58
MJ_err: 215.076
