pfo_mT  FIT   25
Total_MJ: 7906.7
MJ_ratio: 0.0712433 0.00201797
MJ_ratio_err: 0.00201797 0.00201797
Fit_MJ: 17699.3
Loose_data: 905586
Loose_ew: 895421
Fit_Factor: 2.23852
CR1_data: 9445
CR1_ew: 1507.53
CR1_mj: 7937.47
CR1_err: 104.654
CR2_data: 2883
CR2_ew: 1237.13
CR2_mj: 1645.87
CR2_err: 64.1882
E_factor: 0.207355
E_error: 0.00853637
MJ: 3670.03
MJ_err: 183.395
