pfo_met  FIT   35
Total_MJ: 5849.66
MJ_ratio: 0.367993 0.00509752
MJ_ratio_err: 0.00509752 0.00509752
Fit_MJ: 166471
Loose_data: 1.15741e+06
Loose_ew: 985138
Fit_Factor: 28.4582
CR1_data: 6034
CR1_ew: 180.653
CR1_mj: 5853.35
CR1_err: 78.8331
CR2_data: 648
CR2_ew: 146.362
CR2_mj: 501.638
CR2_err: 28.1844
E_factor: 0.0857011
E_error: 0.0049515
MJ: 14266.7
MJ_err: 847.64
