pfo_met  FIT   17.5
Total_MJ: 58428.6
MJ_ratio: 0.573081 0.00288255
MJ_ratio_err: 0.00288255 0.00288255
Fit_MJ: 470649
Loose_data: 1.63353e+06
Loose_ew: 1.18823e+06
Fit_Factor: 8.05511
CR1_data: 59482
CR1_ew: 1031.35
CR1_mj: 58450.6
CR1_err: 245.995
CR2_data: 4708
CR2_ew: 884.339
CR2_mj: 3823.66
CR2_err: 74.7819
E_factor: 0.0654169
E_error: 0.0015127
MJ: 30788.4
MJ_err: 728.6
