leppt  FIT   15
Total_MJ: 20986.5
MJ_ratio: 0.0431992 0.000983053
MJ_ratio_err: 0.000983053 0.000983053
Fit_MJ: 35802.4
Loose_data: 847117
Loose_ew: 829548
Fit_Factor: 1.70597
CR1_data: 28254
CR1_ew: 7121.14
CR1_mj: 21132.9
CR1_err: 188.083
CR2_data: 8180
CR2_ew: 5865.15
CR2_mj: 2314.85
CR2_err: 118.512
E_factor: 0.109538
E_error: 0.00569207
MJ: 3921.72
MJ_err: 222.474
