leppt  FIT   45
Total_MJ: 7245.24
MJ_ratio: 0.0416658 0.000837881
MJ_ratio_err: 0.000837881 0.000837881
Fit_MJ: 34516.7
Loose_data: 847117
Loose_ew: 829548
Fit_Factor: 4.76405
CR1_data: 7527
CR1_ew: 275.14
CR1_mj: 7251.86
CR1_err: 88.3297
CR2_data: 1146
CR2_ew: 206.733
CR2_mj: 939.267
CR2_err: 36.7795
E_factor: 0.129521
E_error: 0.00531143
MJ: 4470.64
MJ_err: 204.19
