pfo_met  FIT   45
Total_MJ: 7246.24
MJ_ratio: 0.148288 0.00271111
MJ_ratio_err: 0.00271111 0.00271111
Fit_MJ: 38498.4
Loose_data: 847120
Loose_ew: 829554
Fit_Factor: 5.31288
CR1_data: 7527
CR1_ew: 275.14
CR1_mj: 7251.86
CR1_err: 88.3297
CR2_data: 1146
CR2_ew: 206.733
CR2_mj: 939.267
CR2_err: 36.7795
E_factor: 0.129521
E_error: 0.00531143
MJ: 4986.35
MJ_err: 223.883
