pfo_mT  FIT   35
Total_MJ: 43186.4
MJ_ratio: 0.621953 0.0036883
MJ_ratio_err: 0.0036883 0.0036883
Fit_MJ: 480499
Loose_data: 1.63355e+06
Loose_ew: 1.18824e+06
Fit_Factor: 11.1262
CR1_data: 43419
CR1_ew: 232.572
CR1_mj: 43186.4
CR1_err: 208.93
CR2_data: 3538
CR2_ew: 184.285
CR2_mj: 3353.72
CR2_err: 61.0105
E_factor: 0.0776567
E_error: 0.00147746
MJ: 37314
MJ_err: 743.606
