leppt  FIT   45
Total_MJ: 2225.72
MJ_ratio: 0.174145 0.00405954
MJ_ratio_err: 0.00405954 0.00405954
Fit_MJ: 157075
Loose_data: 921739
Loose_ew: 751303
Fit_Factor: 70.5725
CR1_data: 2295
CR1_ew: 67.8906
CR1_mj: 2227.11
CR1_err: 48.6096
CR2_data: 278
CR2_ew: 54.2764
CR2_mj: 223.724
CR2_err: 18.2285
E_factor: 0.100455
E_error: 0.00847339
MJ: 15778.9
MJ_err: 1380.85
