pfo_met  FIT   45
Total_MJ: 2225.72
MJ_ratio: 0.459488 0.0100072
MJ_ratio_err: 0.0100072 0.0100072
Fit_MJ: 171382
Loose_data: 921735
Loose_ew: 751308
Fit_Factor: 77.0006
CR1_data: 2295
CR1_ew: 67.8906
CR1_mj: 2227.11
CR1_err: 48.6096
CR2_data: 278
CR2_ew: 54.2764
CR2_mj: 223.724
CR2_err: 18.2285
E_factor: 0.100455
E_error: 0.00847339
MJ: 17216.1
MJ_err: 1499.81
