leppt  FIT   15
Total_MJ: 61335.4
MJ_ratio: 0.202951 0.00132726
MJ_ratio_err: 0.00132726 0.00132726
Fit_MJ: 278394
Loose_data: 1.40724e+06
Loose_ew: 1.10484e+06
Fit_Factor: 4.53888
CR1_data: 65587
CR1_ew: 4166.56
CR1_mj: 61420.4
CR1_err: 264.109
CR2_data: 6471
CR2_ew: 3331.17
CR2_mj: 3139.83
CR2_err: 99.0059
E_factor: 0.0511202
E_error: 0.00162686
MJ: 14231.6
MJ_err: 462.372
