pfo_met  FIT   45
Total_MJ: 4830.33
MJ_ratio: 0.464058 0.00712002
MJ_ratio_err: 0.00712002 0.00712002
Fit_MJ: 292272
Loose_data: 1.40724e+06
Loose_ew: 1.10484e+06
Fit_Factor: 60.5077
CR1_data: 4930
CR1_ew: 97.6778
CR1_mj: 4832.32
CR1_err: 70.9061
CR2_data: 289
CR2_ew: 77.4964
CR2_mj: 211.504
CR2_err: 19.1441
E_factor: 0.0437685
E_error: 0.00401339
MJ: 12792.3
MJ_err: 1189.31
