pfo_mT  FIT   25
Total_MJ: 230376
MJ_ratio: 0.400056 0.00148739
MJ_ratio_err: 0.00148739 0.00148739
Fit_MJ: 239548
Loose_data: 1.48872e+06
Loose_ew: 1.21538e+06
Fit_Factor: 1.03981
CR1_data: 233135
CR1_ew: 2694.25
CR1_mj: 230441
CR1_err: 485.623
CR2_data: 5352
CR2_ew: 1652.07
CR2_mj: 3699.93
CR2_err: 83.6903
E_factor: 0.0160559
E_error: 0.000364748
MJ: 3846.16
MJ_err: 88.5371
