pfo_met  FIT   35
Total_MJ: 72517.3
MJ_ratio: 0.305752 0.00176364
MJ_ratio_err: 0.00176364 0.00176364
Fit_MJ: 171640
Loose_data: 1.44096e+06
Loose_ew: 1.31106e+06
Fit_Factor: 2.36689
CR1_data: 73143
CR1_ew: 622.541
CR1_mj: 72520.5
CR1_err: 271.598
CR2_data: 6800
CR2_ew: 498.013
CR2_mj: 6301.99
CR2_err: 85.4284
E_factor: 0.0868994
E_error: 0.00126999
MJ: 14915.4
MJ_err: 234.345
