pfo_met  FIT   27.5
Total_MJ: 42072.1
MJ_ratio: 0.300427 0.00188777
MJ_ratio_err: 0.00188777 0.00188777
Fit_MJ: 167189
Loose_data: 1.44096e+06
Loose_ew: 1.31106e+06
Fit_Factor: 3.97387
CR1_data: 42590
CR1_ew: 505.606
CR1_mj: 42084.4
CR1_err: 207.595
CR2_data: 3659
CR2_ew: 420.256
CR2_mj: 3238.74
CR2_err: 63.8691
E_factor: 0.0769583
E_error: 0.0016428
MJ: 12866.6
MJ_err: 286.31
