pfo_mT  FIT   45
Total_MJ: 39646.4
MJ_ratio: 0.568454 0.00313527
MJ_ratio_err: 0.00313527 0.00313527
Fit_MJ: 748882
Loose_data: 2.38845e+06
Loose_ew: 1.48376e+06
Fit_Factor: 18.889
CR1_data: 39781
CR1_ew: 131.939
CR1_mj: 39649.1
CR1_err: 199.782
CR2_data: 420
CR2_ew: 92.1665
CR2_mj: 327.834
CR2_err: 22.6311
E_factor: 0.00826838
E_error: 0.000572304
MJ: 6192.04
MJ_err: 429.946
