leppt  FIT   25
Total_MJ: 5575.77
MJ_ratio: 0.106452 0.00190974
MJ_ratio_err: 0.00190974 0.00190974
Fit_MJ: 72342.8
Loose_data: 689781
Loose_ew: 611560
Fit_Factor: 12.9745
CR1_data: 5910
CR1_ew: 327.541
CR1_mj: 5582.46
CR1_err: 78.9781
CR2_data: 1202
CR2_ew: 270.909
CR2_mj: 931.091
CR2_err: 38.3785
E_factor: 0.166789
E_error: 0.00726852
MJ: 12066
MJ_err: 568.636
