leppt  FIT   35
Total_MJ: 77260.4
MJ_ratio: 0.312936 0.00178828
MJ_ratio_err: 0.00178828 0.00178828
Fit_MJ: 678368
Loose_data: 2.36715e+06
Loose_ew: 1.47236e+06
Fit_Factor: 8.78028
CR1_data: 77560
CR1_ew: 293.7
CR1_mj: 77266.3
CR1_err: 279.023
CR2_data: 971
CR2_ew: 199.47
CR2_mj: 771.53
CR2_err: 34.2121
E_factor: 0.00998534
E_error: 0.000444248
MJ: 6773.74
MJ_err: 303.84
