pfo_mT  FIT   25
Total_MJ: 144900
MJ_ratio: 0.553868 0.00189177
MJ_ratio_err: 0.00189177 0.00189177
Fit_MJ: 732223
Loose_data: 2.38845e+06
Loose_ew: 1.48376e+06
Fit_Factor: 5.0533
CR1_data: 145740
CR1_ew: 822.359
CR1_mj: 144918
CR1_err: 382.835
CR2_data: 2566
CR2_ew: 579.609
CR2_mj: 1986.39
CR2_err: 56.0857
E_factor: 0.013707
E_error: 0.000388708
MJ: 10036.6
MJ_err: 286.678
