pfo_mT  FIT   15
Total_MJ: 252879
MJ_ratio: 0.573544 0.00142469
MJ_ratio_err: 0.00142469 0.00142469
Fit_MJ: 761130
Loose_data: 2.38845e+06
Loose_ew: 1.48376e+06
Fit_Factor: 3.00986
CR1_data: 258405
CR1_ew: 5411.92
CR1_mj: 252993
CR1_err: 513.631
CR2_data: 8356
CR2_ew: 3983.21
CR2_mj: 4372.79
CR2_err: 111.082
E_factor: 0.0172842
E_error: 0.000440471
MJ: 13155.6
MJ_err: 336.845
