leppt  FIT   22.5
Total_MJ: 45390.7
MJ_ratio: 0.118237 0.00109975
MJ_ratio_err: 0.00109975 0.00109975
Fit_MJ: 165228
Loose_data: 1.44096e+06
Loose_ew: 1.31104e+06
Fit_Factor: 3.64012
CR1_data: 46280
CR1_ew: 865.605
CR1_mj: 45414.4
CR1_err: 217.13
CR2_data: 4061
CR2_ew: 713.466
CR2_mj: 3347.53
CR2_err: 69.0975
E_factor: 0.0737109
E_error: 0.0017496
MJ: 12179.1
MJ_err: 310.484
