pfo_mT  FIT   32.5
Total_MJ: 38206.6
MJ_ratio: 0.338697 0.00223863
MJ_ratio_err: 0.00223863 0.00223863
Fit_MJ: 171071
Loose_data: 1.44098e+06
Loose_ew: 1.31107e+06
Fit_Factor: 4.47753
CR1_data: 38581
CR1_ew: 366.928
CR1_mj: 38214.1
CR1_err: 197.352
CR2_data: 3544
CR2_ew: 291.19
CR2_mj: 3252.81
CR2_err: 61.9289
E_factor: 0.0851208
E_error: 0.00172231
MJ: 14561.7
MJ_err: 309.959
