pfo_met  FIT   45
Total_MJ: 26779.7
MJ_ratio: 0.255152 0.00221695
MJ_ratio_err: 0.00221695 0.00221695
Fit_MJ: 98669.8
Loose_data: 1.07681e+06
Loose_ew: 995655
Fit_Factor: 3.6845
CR1_data: 27152
CR1_ew: 363.861
CR1_mj: 26788.1
CR1_err: 165.879
CR2_data: 1518
CR2_ew: 252.875
CR2_mj: 1265.13
CR2_err: 42.0818
E_factor: 0.0472271
E_error: 0.0015979
MJ: 4659.89
MJ_err: 162.78
