pfo_met  FIT   25
Total_MJ: 78410.5
MJ_ratio: 0.582021 0.00262386
MJ_ratio_err: 0.00262386 0.00262386
Fit_MJ: 480238
Loose_data: 1.63353e+06
Loose_ew: 1.18823e+06
Fit_Factor: 6.12466
CR1_data: 79082
CR1_ew: 671.806
CR1_mj: 78410.2
CR1_err: 282.407
CR2_data: 7238
CR2_ew: 697.558
CR2_mj: 6540.44
CR2_err: 89.0817
E_factor: 0.0834132
E_error: 0.00125703
MJ: 40058.2
MJ_err: 630.105
