leppt  FIT   25
Total_MJ: 47975.3
MJ_ratio: 0.240968 0.00140798
MJ_ratio_err: 0.00140798 0.00140798
Fit_MJ: 381614
Loose_data: 1.63357e+06
Loose_ew: 1.19047e+06
Fit_Factor: 7.95438
CR1_data: 48638
CR1_ew: 649.443
CR1_mj: 47988.6
CR1_err: 222.008
CR2_data: 2077
CR2_ew: 506.482
CR2_mj: 1570.52
CR2_err: 50.828
E_factor: 0.0327269
E_error: 0.00106993
MJ: 12489.1
MJ_err: 414.772
