pfo_mT_p0: 24.0045  +/- 9.5038
pfo_mT_p1: 4098.75  +/- 299.684

pfo_met_p0: 26.5572  +/- 9.65831
pfo_met_p1: 4045.51  +/- 301.354

leppt_p0: 15.7224  +/- 9.33551
leppt_p1: 3922.73  +/- 299.635

CenVal: 4010.76
Err: 387.669
