pfo_mT  FIT   17.5
Total_MJ: 47038.2
MJ_ratio: 0.327582 0.00167178
MJ_ratio_err: 0.00167178 0.00167178
Fit_MJ: 163719
Loose_data: 1.44098e+06
Loose_ew: 1.31107e+06
Fit_Factor: 3.48055
CR1_data: 48760
CR1_ew: 1685.4
CR1_mj: 47074.6
CR1_err: 224.601
CR2_data: 5563
CR2_ew: 1597.12
CR2_mj: 3965.88
CR2_err: 84.6175
E_factor: 0.0842466
E_error: 0.0025086
MJ: 13792.8
MJ_err: 416.694
