leppt  FIT   15
Total_MJ: 20997.4
MJ_ratio: 0.0323189 0.000888559
MJ_ratio_err: 0.000888559 0.000888559
Fit_MJ: 35343.8
Loose_data: 1.11461e+06
Loose_ew: 1.09126e+06
Fit_Factor: 1.68324
CR1_data: 31257
CR1_ew: 10052.4
CR1_mj: 21204.6
CR1_err: 203.247
CR2_data: 9945
CR2_ew: 8101.45
CR2_mj: 1843.55
CR2_err: 134.337
E_factor: 0.086941
E_error: 0.00638985
MJ: 3072.82
MJ_err: 241.126
