pfo_met  FIT   45
Total_MJ: 14723.6
MJ_ratio: 0.207736 0.00235837
MJ_ratio_err: 0.00235837 0.00235837
Fit_MJ: 67383.6
Loose_data: 974011
Loose_ew: 927964
Fit_Factor: 4.57657
CR1_data: 15056
CR1_ew: 324.773
CR1_mj: 14731.2
CR1_err: 124.019
CR2_data: 1366
CR2_ew: 234.506
CR2_mj: 1131.49
CR2_err: 40.0063
E_factor: 0.0768092
E_error: 0.00279167
MJ: 5175.69
MJ_err: 197.076
