pfo_mT  FIT   35
Total_MJ: 12155.9
MJ_ratio: 0.484307 0.00446472
MJ_ratio_err: 0.00446472 0.00446472
Fit_MJ: 280706
Loose_data: 1.40726e+06
Loose_ew: 1.10485e+06
Fit_Factor: 23.0922
CR1_data: 12365
CR1_ew: 204.937
CR1_mj: 12160.1
CR1_err: 112.116
CR2_data: 739
CR2_ew: 163.972
CR2_mj: 575.028
CR2_err: 30.0495
E_factor: 0.0472882
E_error: 0.00250933
MJ: 13274.1
MJ_err: 714.934
