pfo_met  FIT   25
Total_MJ: 13762.6
MJ_ratio: 0.449797 0.0045764
MJ_ratio_err: 0.0045764 0.0045764
Fit_MJ: 166968
Loose_data: 921735
Loose_ew: 751308
Fit_Factor: 12.132
CR1_data: 14190
CR1_ew: 418.828
CR1_mj: 13771.2
CR1_err: 120.867
CR2_data: 1542
CR2_ew: 332.501
CR2_mj: 1209.5
CR2_err: 43.2955
E_factor: 0.0878283
E_error: 0.00323705
MJ: 14664.5
MJ_err: 560.698
