leppt  FIT   35
Total_MJ: 5849.66
MJ_ratio: 0.13357 0.0021118
MJ_ratio_err: 0.0021118 0.0021118
Fit_MJ: 151467
Loose_data: 1.15741e+06
Loose_ew: 985143
Fit_Factor: 25.8933
CR1_data: 6034
CR1_ew: 180.653
CR1_mj: 5853.35
CR1_err: 78.8331
CR2_data: 648
CR2_ew: 146.362
CR2_mj: 501.638
CR2_err: 28.1844
E_factor: 0.0857011
E_error: 0.0049515
MJ: 12980.9
MJ_err: 777.563
