pfo_met  FIT   22.5
Total_MJ: 44606
MJ_ratio: 0.580287 0.00330222
MJ_ratio_err: 0.00330222 0.00330222
Fit_MJ: 477843
Loose_data: 1.63353e+06
Loose_ew: 1.18823e+06
Fit_Factor: 10.7125
CR1_data: 45040
CR1_ew: 425.608
CR1_mj: 44614.4
CR1_err: 213.227
CR2_data: 4118
CR2_ew: 443.955
CR2_mj: 3674.04
CR2_err: 67.5422
E_factor: 0.0823511
E_error: 0.00164193
MJ: 39350.9
MJ_err: 815.916
