leppt  FIT   15
Total_MJ: 13149.2
MJ_ratio: 0.107319 0.00148868
MJ_ratio_err: 0.00148868 0.00148868
Fit_MJ: 72947.3
Loose_data: 689781
Loose_ew: 611560
Fit_Factor: 5.54767
CR1_data: 15293
CR1_ew: 2100.94
CR1_mj: 13192.1
CR1_err: 131.886
CR2_data: 3904
CR2_ew: 1796.17
CR2_mj: 2107.83
CR2_err: 75.4995
E_factor: 0.15978
E_error: 0.00594184
MJ: 11655.5
MJ_err: 462.614
