pfo_mT  FIT   45
Total_MJ: 916.717
MJ_ratio: 0.3628 0.0134032
MJ_ratio_err: 0.0134032 0.0134032
Fit_MJ: 75959
Loose_data: 689782
Loose_ew: 611566
Fit_Factor: 82.8598
CR1_data: 972
CR1_ew: 54.1776
CR1_mj: 917.822
CR1_err: 32.034
CR2_data: 217
CR2_ew: 43.224
CR2_mj: 173.776
CR2_err: 16.1315
E_factor: 0.189335
E_error: 0.018777
MJ: 14381.7
MJ_err: 1522.03
