pfo_met  FIT   45
Total_MJ: 176815
MJ_ratio: 0.446272 0.00213075
MJ_ratio_err: 0.00213075 0.00213075
Fit_MJ: 466674
Loose_data: 1.84907e+06
Loose_ew: 1.56511e+06
Fit_Factor: 2.63934
CR1_data: 178888
CR1_ew: 718.79
CR1_mj: 178169
CR1_err: 423.8
CR2_data: 2200
CR2_ew: 404.379
CR2_mj: 1795.62
CR2_err: 51.0331
E_factor: 0.0100782
E_error: 0.000287432
MJ: 4703.23
MJ_err: 136.004
