pfo_met  FIT   45
Total_MJ: 40464.3
MJ_ratio: 0.830932 0.00494746
MJ_ratio_err: 0.00494746 0.00494746
Fit_MJ: 1.20252e+06
Loose_data: 2.05579e+06
Loose_ew: 1.16213e+06
Fit_Factor: 29.7181
CR1_data: 40603
CR1_ew: 107.402
CR1_mj: 40495.6
CR1_err: 201.768
CR2_data: 455
CR2_ew: 71.8026
CR2_mj: 383.197
CR2_err: 22.9522
E_factor: 0.00946269
E_error: 0.00056874
MJ: 11379.1
MJ_err: 687.27
