pfo_mT  FIT   45
Total_MJ: 40493.4
MJ_ratio: 0.619752 0.00290996
MJ_ratio_err: 0.00290996 0.00290996
Fit_MJ: 741682
Loose_data: 2.05982e+06
Loose_ew: 1.16433e+06
Fit_Factor: 18.3161
CR1_data: 40603
CR1_ew: 107.402
CR1_mj: 40495.6
CR1_err: 201.768
CR2_data: 455
CR2_ew: 71.8026
CR2_mj: 383.197
CR2_err: 22.9522
E_factor: 0.00946269
E_error: 0.00056874
MJ: 7018.31
MJ_err: 423.109
