pfo_mT  FIT   45
Total_MJ: 178148
MJ_ratio: 0.290959 0.00113544
MJ_ratio_err: 0.00113544 0.00113544
Fit_MJ: 213548
Loose_data: 1.85632e+06
Loose_ew: 1.56907e+06
Fit_Factor: 1.19872
CR1_data: 178888
CR1_ew: 718.79
CR1_mj: 178169
CR1_err: 423.8
CR2_data: 2200
CR2_ew: 404.379
CR2_mj: 1795.62
CR2_err: 51.0331
E_factor: 0.0100782
E_error: 0.000287432
MJ: 2152.18
MJ_err: 61.9526
