leppt  FIT   37.5
Total_MJ: 18221.8
MJ_ratio: 0.259981 0.00242555
MJ_ratio_err: 0.00242555 0.00242555
Fit_MJ: 412184
Loose_data: 1.63353e+06
Loose_ew: 1.18822e+06
Fit_Factor: 22.6204
CR1_data: 18310
CR1_ew: 86.4153
CR1_mj: 18223.6
CR1_err: 135.633
CR2_data: 1652
CR2_ew: 75.9712
CR2_mj: 1576.03
CR2_err: 41.5689
E_factor: 0.0864829
E_error: 0.00237936
MJ: 35646.9
MJ_err: 1035.59
