pfo_mT_p0: -85.4044  +/- 4.24648
pfo_mT_p1: 5960.69  +/- 158.887

pfo_met_p0: -36.6843  +/- 6.83029
pfo_met_p1: 6318.61  +/- 232.236

leppt_p0: -77.031  +/- 5.4973
leppt_p1: 6566.86  +/- 198.589

CenVal: 6283.62
Err: 481.824
