pfo_mT_p0: -3.64043  +/- 38.2512
pfo_mT_p1: 12028.2  +/- 946.364

pfo_met_p0: 4.52277  +/- 39.067
pfo_met_p1: 12038.2  +/- 956.808

leppt_p0: -26.3469  +/- 36.1079
leppt_p1: 12017.9  +/- 911.064

CenVal: 12038.2
Err: 956.808
