leppt  FIT   15
Total_MJ: 8942.8
MJ_ratio: 0.0219505 0.000926986
MJ_ratio_err: 0.000926986 0.000926986
Fit_MJ: 14755.8
Loose_data: 680919
Loose_ew: 678556
Fit_Factor: 1.65002
CR1_data: 14588
CR1_ew: 5531.32
CR1_mj: 9056.68
CR1_err: 141.843
CR2_data: 6496
CR2_ew: 4683.17
CR2_mj: 1812.83
CR2_err: 105.732
E_factor: 0.200165
E_error: 0.012088
MJ: 2953.59
MJ_err: 217.654
