pfo_met  FIT   35
Total_MJ: 5293.87
MJ_ratio: 0.0969412 0.0027054
MJ_ratio_err: 0.0027054 0.0027054
Fit_MJ: 18752.4
Loose_data: 680920
Loose_ew: 678559
Fit_Factor: 3.54228
CR1_data: 5733
CR1_ew: 429.364
CR1_mj: 5303.64
CR1_err: 78.5007
CR2_data: 1562
CR2_ew: 337.32
CR2_mj: 1224.68
CR2_err: 43.5812
E_factor: 0.230913
E_error: 0.00889968
MJ: 4330.18
MJ_err: 206.048
