pfo_met  FIT   25
Total_MJ: 7960.03
MJ_ratio: 0.0956991 0.00243755
MJ_ratio_err: 0.00243755 0.00243755
Fit_MJ: 18254.6
Loose_data: 680920
Loose_ew: 678559
Fit_Factor: 2.29329
CR1_data: 9138
CR1_ew: 1154.41
CR1_mj: 7983.59
CR1_err: 101.452
CR2_data: 2707
CR2_ew: 951.945
CR2_mj: 1755.05
CR2_err: 60.4892
E_factor: 0.219833
E_error: 0.00807528
MJ: 4012.97
MJ_err: 179.382
