pfo_met  FIT   25
Total_MJ: 47781.2
MJ_ratio: 0.591745 0.00312684
MJ_ratio_err: 0.00312684 0.00312684
Fit_MJ: 421954
Loose_data: 1.3578e+06
Loose_ew: 915766
Fit_Factor: 8.83096
CR1_data: 48324
CR1_ew: 531.969
CR1_mj: 47792
CR1_err: 221.034
CR2_data: 1961
CR2_ew: 412.2
CR2_mj: 1548.8
CR2_err: 48.7155
E_factor: 0.0324071
E_error: 0.00103028
MJ: 13674.3
MJ_err: 440.696
