pfo_mT  FIT   15
Total_MJ: 67318.3
MJ_ratio: 0.231074 0.00151597
MJ_ratio_err: 0.00151597 0.00151597
Fit_MJ: 102080
Loose_data: 1.38955e+06
Loose_ew: 1.30248e+06
Fit_Factor: 1.51638
CR1_data: 80146
CR1_ew: 12569.2
CR1_mj: 67576.8
CR1_err: 304.492
CR2_data: 12177
CR2_ew: 9645.6
CR2_mj: 2531.4
CR2_err: 147.725
E_factor: 0.0374595
E_error: 0.00219253
MJ: 3823.87
MJ_err: 225.216
