pfo_mT_p0: -10.2329  +/- 7.73567
pfo_mT_p1: 5081.48  +/- 255.215

pfo_met_p0: -7.13189  +/- 7.90303
pfo_met_p1: 5081.34  +/- 259.625

leppt_p0: -14.1294  +/- 7.69998
leppt_p1: 5061.67  +/- 255.996

CenVal: 5073.32
Err: 267.649
