pfo_mT_p0: 11.3143  +/- 8.19911
pfo_mT_p1: 4106.5  +/- 272.808

pfo_met_p0: 15.4578  +/- 8.39729
pfo_met_p1: 4088.09  +/- 277.981

leppt_p0: 6.89073  +/- 8.29382
leppt_p1: 4117.92  +/- 276.801

CenVal: 4102.41
Err: 292.303
