leppt  FIT   12.5
Total_MJ: 73006.8
MJ_ratio: 0.274827 0.00159748
MJ_ratio_err: 0.00159748 0.00159748
Fit_MJ: 436399
Loose_data: 1.63353e+06
Loose_ew: 1.18822e+06
Fit_Factor: 5.97752
CR1_data: 76624
CR1_ew: 3543.87
CR1_mj: 73080.1
CR1_err: 283.139
CR2_data: 7226
CR2_ew: 3017.3
CR2_mj: 4208.7
CR2_err: 101.209
E_factor: 0.0575902
E_error: 0.00249978
MJ: 25132.3
MJ_err: 1100.64
