leppt  FIT   22.5
Total_MJ: 44604
MJ_ratio: 0.268886 0.00167019
MJ_ratio_err: 0.00167019 0.00167019
Fit_MJ: 426564
Loose_data: 1.63353e+06
Loose_ew: 1.18822e+06
Fit_Factor: 9.56336
CR1_data: 45040
CR1_ew: 425.608
CR1_mj: 44614.4
CR1_err: 213.227
CR2_data: 3563
CR2_ew: 378.51
CR2_mj: 3184.49
CR2_err: 62.7814
E_factor: 0.0713781
E_error: 0.0015092
MJ: 30447.3
MJ_err: 670.978
