pfo_mT  FIT   15
Total_MJ: 8942.8
MJ_ratio: 0.102219 0.00255137
MJ_ratio_err: 0.00255137 0.00255137
Fit_MJ: 17110.2
Loose_data: 680919
Loose_ew: 678559
Fit_Factor: 1.9133
CR1_data: 14588
CR1_ew: 5531.32
CR1_mj: 9056.68
CR1_err: 141.843
CR2_data: 6496
CR2_ew: 4683.17
CR2_mj: 1812.83
CR2_err: 105.732
E_factor: 0.200165
E_error: 0.012088
MJ: 3424.87
MJ_err: 223.798
