pfo_mT  FIT   45
Total_MJ: 26833.9
MJ_ratio: 0.217606 0.00169706
MJ_ratio_err: 0.00169706 0.00169706
Fit_MJ: 96638
Loose_data: 1.38955e+06
Loose_ew: 1.30248e+06
Fit_Factor: 3.60134
CR1_data: 27313
CR1_ew: 467.529
CR1_mj: 26845.5
CR1_err: 166.675
CR2_data: 1553
CR2_ew: 334.614
CR2_mj: 1218.39
CR2_err: 43.4467
E_factor: 0.0453852
E_error: 0.00164275
MJ: 4385.93
MJ_err: 162.395
