pfo_mT  FIT   25
Total_MJ: 87451.1
MJ_ratio: 0.337196 0.00184482
MJ_ratio_err: 0.00184482 0.00184482
Fit_MJ: 169205
Loose_data: 1.44098e+06
Loose_ew: 1.31107e+06
Fit_Factor: 1.93485
CR1_data: 88856
CR1_ew: 1398.9
CR1_mj: 87457.1
CR1_err: 300.425
CR2_data: 7714
CR2_ew: 1156.57
CR2_mj: 6557.43
CR2_err: 94.1837
E_factor: 0.0749789
E_error: 0.00129108
MJ: 12686.8
MJ_err: 229.218
