pfo_met  FIT   25
Total_MJ: 87450.1
MJ_ratio: 0.300721 0.00164084
MJ_ratio_err: 0.00164084 0.00164084
Fit_MJ: 167312
Loose_data: 1.44096e+06
Loose_ew: 1.31106e+06
Fit_Factor: 1.91323
CR1_data: 88856
CR1_ew: 1398.9
CR1_mj: 87457.1
CR1_err: 300.425
CR2_data: 7714
CR2_ew: 1156.57
CR2_mj: 6557.43
CR2_err: 94.1837
E_factor: 0.0749789
E_error: 0.00129108
MJ: 12544.9
MJ_err: 226.599
