pfo_mT  FIT   45
Total_MJ: 26779.7
MJ_ratio: 0.285622 0.00240229
MJ_ratio_err: 0.00240229 0.00240229
Fit_MJ: 95796.9
Loose_data: 1.07682e+06
Loose_ew: 995659
Fit_Factor: 3.57722
CR1_data: 27152
CR1_ew: 363.861
CR1_mj: 26788.1
CR1_err: 165.879
CR2_data: 1518
CR2_ew: 252.875
CR2_mj: 1265.13
CR2_err: 42.0818
E_factor: 0.0472271
E_error: 0.0015979
MJ: 4524.21
MJ_err: 157.732
