leppt  FIT   15
Total_MJ: 31552.4
MJ_ratio: 0.140686 0.00129922
MJ_ratio_err: 0.00129922 0.00129922
Fit_MJ: 159595
Loose_data: 1.15741e+06
Loose_ew: 985143
Fit_Factor: 5.05808
CR1_data: 35259
CR1_ew: 3632.47
CR1_mj: 31626.5
CR1_err: 197.209
CR2_data: 5687
CR2_ew: 2968.53
CR2_mj: 2718.47
CR2_err: 93.0351
E_factor: 0.0859553
E_error: 0.00299011
MJ: 13718
MJ_err: 493.734
