leppt  FIT   25
Total_MJ: 234981
MJ_ratio: 0.170568 0.00133449
MJ_ratio_err: 0.00133449 0.00133449
Fit_MJ: 299807
Loose_data: 1.84165e+06
Loose_ew: 1.55794e+06
Fit_Factor: 1.27588
CR1_data: 238940
CR1_ew: 3363.66
CR1_mj: 235576
CR1_err: 492.243
CR2_data: 5674
CR2_ew: 2167.67
CR2_mj: 3506.33
CR2_err: 88.5532
E_factor: 0.0148841
E_error: 0.000377185
MJ: 4462.35
MJ_err: 118.349
