leppt  FIT   15
Total_MJ: 228398
MJ_ratio: 0.166138 0.00138209
MJ_ratio_err: 0.00138209 0.00138209
Fit_MJ: 291349
Loose_data: 1.84165e+06
Loose_ew: 1.55794e+06
Fit_Factor: 1.27562
CR1_data: 245101
CR1_ew: 15858.1
CR1_mj: 229243
CR1_err: 510.842
CR2_data: 14428
CR2_ew: 10771.7
CR2_mj: 3656.3
CR2_err: 158.744
E_factor: 0.0159495
E_error: 0.000693383
MJ: 4646.86
MJ_err: 205.682
