pfo_mT  FIT   35
Total_MJ: 209004
MJ_ratio: 0.372147 0.00146238
MJ_ratio_err: 0.00146238 0.00146238
Fit_MJ: 222383
Loose_data: 1.48872e+06
Loose_ew: 1.21538e+06
Fit_Factor: 1.06401
CR1_data: 210187
CR1_ew: 1146.16
CR1_mj: 209041
CR1_err: 459.71
CR2_data: 3367
CR2_ew: 642.093
CR2_mj: 2724.91
CR2_err: 63.3174
E_factor: 0.0130353
E_error: 0.000304248
MJ: 2898.83
MJ_err: 68.612
