pfo_mT  FIT   25
Total_MJ: 56893.5
MJ_ratio: 0.299397 0.0018806
MJ_ratio_err: 0.0018806 0.0018806
Fit_MJ: 100410
Loose_data: 1.07682e+06
Loose_ew: 995659
Fit_Factor: 1.76488
CR1_data: 58852
CR1_ew: 1916.42
CR1_mj: 56935.6
CR1_err: 246.513
CR2_data: 4280
CR2_ew: 1448.56
CR2_mj: 2831.44
CR2_err: 75.6873
E_factor: 0.0497306
E_error: 0.00134667
MJ: 4993.46
MJ_err: 138.81
