leppt  FIT   15
Total_MJ: 40518.8
MJ_ratio: 0.0696955 0.00100828
MJ_ratio_err: 0.00100828 0.00100828
Fit_MJ: 65857.6
Loose_data: 974001
Loose_ew: 927954
Fit_Factor: 1.62536
CR1_data: 48954
CR1_ew: 8265.56
CR1_mj: 40688.4
CR1_err: 239.206
CR2_data: 9330
CR2_ew: 6616.82
CR2_mj: 2713.18
CR2_err: 126.281
E_factor: 0.0666819
E_error: 0.00312826
MJ: 4391.51
MJ_err: 215.593
