leppt  FIT   27.5
Total_MJ: 33809.5
MJ_ratio: 0.267053 0.00199891
MJ_ratio_err: 0.00199891 0.00199891
Fit_MJ: 423538
Loose_data: 1.63353e+06
Loose_ew: 1.18822e+06
Fit_Factor: 12.5272
CR1_data: 34047
CR1_ew: 232.762
CR1_mj: 33814.2
CR1_err: 185.148
CR2_data: 2758
CR2_ew: 206.378
CR2_mj: 2551.62
CR2_err: 54.4461
E_factor: 0.07546
E_error: 0.0016903
MJ: 31960.1
MJ_err: 754.816
