leppt  FIT   27.5
Total_MJ: 42073.1
MJ_ratio: 0.118773 0.0012218
MJ_ratio_err: 0.0012218 0.0012218
Fit_MJ: 165921
Loose_data: 1.44096e+06
Loose_ew: 1.31104e+06
Fit_Factor: 3.94363
CR1_data: 42590
CR1_ew: 505.606
CR1_mj: 42084.4
CR1_err: 207.595
CR2_data: 4481
CR2_ew: 493.381
CR2_mj: 3987.62
CR2_err: 70.5293
E_factor: 0.0947529
E_error: 0.00183683
MJ: 15721.5
MJ_err: 345.02
