pfo_mT  FIT   32.5
Total_MJ: 38206.6
MJ_ratio: 0.338697 0.00223863
MJ_ratio_err: 0.00223863 0.00223863
Fit_MJ: 171071
Loose_data: 1.44098e+06
Loose_ew: 1.31107e+06
Fit_Factor: 4.47753
CR1_data: 38581
CR1_ew: 366.928
CR1_mj: 38214.1
CR1_err: 197.352
CR2_data: 4425
CR2_ew: 342.565
CR2_mj: 4082.44
CR2_err: 69.0476
E_factor: 0.106831
E_error: 0.00194234
MJ: 18275.7
MJ_err: 353.553
