pfo_mT  FIT   22.5
Total_MJ: 45390.7
MJ_ratio: 0.332964 0.00187957
MJ_ratio_err: 0.00187957 0.00187957
Fit_MJ: 167073
Loose_data: 1.44098e+06
Loose_ew: 1.31107e+06
Fit_Factor: 3.68077
CR1_data: 46280
CR1_ew: 865.605
CR1_mj: 45414.4
CR1_err: 217.13
CR2_data: 4988
CR2_ew: 829.009
CR2_mj: 4158.99
CR2_err: 76.2693
E_factor: 0.0915787
E_error: 0.00196285
MJ: 15300.3
MJ_err: 339.122
