pfo_met  FIT   12.5
Total_MJ: 46389
MJ_ratio: 0.287914 0.00171948
MJ_ratio_err: 0.00171948 0.00171948
Fit_MJ: 158579
Loose_data: 1.44096e+06
Loose_ew: 1.31106e+06
Fit_Factor: 3.41847
CR1_data: 50945
CR1_ew: 4462.75
CR1_mj: 46482.2
CR1_err: 235.389
CR2_data: 7733
CR2_ew: 4120.88
CR2_mj: 3612.12
CR2_err: 108.876
E_factor: 0.0777096
E_error: 0.00504278
MJ: 12323.1
MJ_err: 803.06
