pfo_met  FIT   15
Total_MJ: 253998
MJ_ratio: 0.691942 0.00183388
MJ_ratio_err: 0.00183388 0.00183388
Fit_MJ: 914791
Loose_data: 2.05579e+06
Loose_ew: 1.16213e+06
Fit_Factor: 3.60157
CR1_data: 258331
CR1_ew: 4154.15
CR1_mj: 254177
CR1_err: 512.333
CR2_data: 7368
CR2_ew: 3059.31
CR2_mj: 4308.69
CR2_err: 102.114
E_factor: 0.0169516
E_error: 0.000403195
MJ: 15507.1
MJ_err: 371.122
