pfo_met  FIT   25
Total_MJ: 145905
MJ_ratio: 0.716376 0.00258303
MJ_ratio_err: 0.00258303 0.00258303
Fit_MJ: 964970
Loose_data: 2.05579e+06
Loose_ew: 1.16213e+06
Fit_Factor: 6.61369
CR1_data: 146649
CR1_ew: 664.198
CR1_mj: 145985
CR1_err: 383.814
CR2_data: 2417
CR2_ew: 475.864
CR2_mj: 1941.14
CR2_err: 53.7854
E_factor: 0.0132968
E_error: 0.000370086
MJ: 12831
MJ_err: 360.106
