pfo_met  FIT   12.5
Total_MJ: 73004.8
MJ_ratio: 0.56691 0.00262372
MJ_ratio_err: 0.00262372 0.00262372
Fit_MJ: 463664
Loose_data: 1.63353e+06
Loose_ew: 1.18823e+06
Fit_Factor: 6.35115
CR1_data: 76624
CR1_ew: 3543.87
CR1_mj: 73080.1
CR1_err: 283.139
CR2_data: 8651
CR2_ew: 3389.14
CR2_mj: 5261.86
CR2_err: 109.728
E_factor: 0.0720013
E_error: 0.00278199
MJ: 33384.4
MJ_err: 1299.13
