leppt  FIT   12.5
Total_MJ: 73006.8
MJ_ratio: 0.274827 0.00159748
MJ_ratio_err: 0.00159748 0.00159748
Fit_MJ: 436399
Loose_data: 1.63353e+06
Loose_ew: 1.18822e+06
Fit_Factor: 5.97752
CR1_data: 76624
CR1_ew: 3543.87
CR1_mj: 73080.1
CR1_err: 283.139
CR2_data: 8651
CR2_ew: 3389.14
CR2_mj: 5261.86
CR2_err: 109.728
E_factor: 0.0720013
E_error: 0.00278199
MJ: 31421.3
MJ_err: 1227.72
