leppt  FIT   32.5
Total_MJ: 38205.6
MJ_ratio: 0.119047 0.00124764
MJ_ratio_err: 0.00124764 0.00124764
Fit_MJ: 166551
Loose_data: 1.44096e+06
Loose_ew: 1.31104e+06
Fit_Factor: 4.35934
CR1_data: 38581
CR1_ew: 366.928
CR1_mj: 38214.1
CR1_err: 197.352
CR2_data: 4425
CR2_ew: 342.565
CR2_mj: 4082.44
CR2_err: 69.0476
E_factor: 0.106831
E_error: 0.00194234
MJ: 17792.8
MJ_err: 373.394
