leppt  FIT   45
Total_MJ: 3013.65
MJ_ratio: 0.175056 2.05669
MJ_ratio_err: 2.05669 2.05669
Fit_MJ: 157072
Loose_data: 905585
Loose_ew: 895416
Fit_Factor: 52.1202
CR1_data: 3285
CR1_ew: 264.948
CR1_mj: 3020.05
CR1_err: 59.5814
CR2_data: 895
CR2_ew: 202.855
CR2_mj: 692.145
CR2_err: 33.1339
E_factor: 0.229183
E_error: 0.0118665
MJ: 35998.2
MJ_err: 422939
