leppt  FIT   15
Total_MJ: 221861
MJ_ratio: 0.206216 0.00145359
MJ_ratio_err: 0.00145359 0.00145359
Fit_MJ: 285459
Loose_data: 1.47346e+06
Loose_ew: 1.20442e+06
Fit_Factor: 1.28666
CR1_data: 234475
CR1_ew: 11857
CR1_mj: 222618
CR1_err: 496.318
CR2_data: 12015
CR2_ew: 7865.27
CR2_mj: 4149.73
CR2_err: 140.997
E_factor: 0.0186406
E_error: 0.000634722
MJ: 5321.12
MJ_err: 185.029
