leppt  FIT   45
Total_MJ: 14690.3
MJ_ratio: 0.0500556 0.000789002
MJ_ratio_err: 0.000789002 0.000789002
Fit_MJ: 61874.3
Loose_data: 1.2686e+06
Loose_ew: 1.21754e+06
Fit_Factor: 4.21191
CR1_data: 15113
CR1_ew: 412.251
CR1_mj: 14700.7
CR1_err: 124.6
CR2_data: 1392
CR2_ew: 301.314
CR2_mj: 1090.69
CR2_err: 41.1499
E_factor: 0.0741925
E_error: 0.00286894
MJ: 4590.61
MJ_err: 191.695
