pfo_met  FIT   15
Total_MJ: 20998.4
MJ_ratio: 0.107459 0.00146823
MJ_ratio_err: 0.00146823 0.00146823
Fit_MJ: 37039.6
Loose_data: 1.1146e+06
Loose_ew: 1.09127e+06
Fit_Factor: 1.76392
CR1_data: 31257
CR1_ew: 10052.4
CR1_mj: 21204.6
CR1_err: 203.247
CR2_data: 9945
CR2_ew: 8101.45
CR2_mj: 1843.55
CR2_err: 134.337
E_factor: 0.086941
E_error: 0.00638985
MJ: 3220.26
MJ_err: 240.733
