leppt  FIT   15
Total_MJ: 131431
MJ_ratio: 0.273667 0.00137067
MJ_ratio_err: 0.00137067 0.00137067
Fit_MJ: 434524
Loose_data: 1.63353e+06
Loose_ew: 1.18822e+06
Fit_Factor: 3.3061
CR1_data: 136100
CR1_ew: 4667.93
CR1_mj: 131432
CR1_err: 375.191
CR2_data: 9647
CR2_ew: 3220.45
CR2_mj: 6426.55
CR2_err: 113.435
E_factor: 0.0488964
E_error: 0.0015076
MJ: 21246.6
MJ_err: 663.676
