pfo_mT  FIT   15
Total_MJ: 222359
MJ_ratio: 0.426198 0.00154917
MJ_ratio_err: 0.00154917 0.00154917
Fit_MJ: 255909
Loose_data: 1.48872e+06
Loose_ew: 1.21538e+06
Fit_Factor: 1.15088
CR1_data: 234475
CR1_ew: 11857
CR1_mj: 222618
CR1_err: 496.318
CR2_data: 12015
CR2_ew: 7865.27
CR2_mj: 4149.73
CR2_err: 140.997
E_factor: 0.0186406
E_error: 0.000634722
MJ: 4770.28
MJ_err: 163.354
