pfo_met  FIT   35
Total_MJ: 207895
MJ_ratio: 0.479549 0.00207222
MJ_ratio_err: 0.00207222 0.00207222
Fit_MJ: 385262
Loose_data: 1.48417e+06
Loose_ew: 1.21327e+06
Fit_Factor: 1.85316
CR1_data: 210187
CR1_ew: 1146.16
CR1_mj: 209041
CR1_err: 459.71
CR2_data: 3367
CR2_ew: 642.093
CR2_mj: 2724.91
CR2_err: 63.3174
E_factor: 0.0130353
E_error: 0.000304248
MJ: 5022
MJ_err: 119.207
