pfo_met  FIT   15
Total_MJ: 221739
MJ_ratio: 0.419988 0.00189712
MJ_ratio_err: 0.00189712 0.00189712
Fit_MJ: 307212
Loose_data: 1.48417e+06
Loose_ew: 1.21327e+06
Fit_Factor: 1.38547
CR1_data: 234475
CR1_ew: 11857
CR1_mj: 222618
CR1_err: 496.318
CR2_data: 12015
CR2_ew: 7865.27
CR2_mj: 4149.73
CR2_err: 140.997
E_factor: 0.0186406
E_error: 0.000634722
MJ: 5726.61
MJ_err: 196.703
