leppt  FIT   35
Total_MJ: 43186.4
MJ_ratio: 0.260347 0.00175985
MJ_ratio_err: 0.00175985 0.00175985
Fit_MJ: 412725
Loose_data: 1.63353e+06
Loose_ew: 1.18822e+06
Fit_Factor: 9.55682
CR1_data: 43419
CR1_ew: 232.572
CR1_mj: 43186.4
CR1_err: 208.93
CR2_data: 3538
CR2_ew: 184.285
CR2_mj: 3353.72
CR2_err: 61.0105
E_factor: 0.0776567
E_error: 0.00147746
MJ: 32050.8
MJ_err: 647.129
