pfo_met  FIT   25
Total_MJ: 78410.5
MJ_ratio: 0.582021 0.00262386
MJ_ratio_err: 0.00262386 0.00262386
Fit_MJ: 480238
Loose_data: 1.63353e+06
Loose_ew: 1.18823e+06
Fit_Factor: 6.12466
CR1_data: 79082
CR1_ew: 671.806
CR1_mj: 78410.2
CR1_err: 282.407
CR2_data: 5852
CR2_ew: 542.332
CR2_mj: 5309.67
CR2_err: 79.9646
E_factor: 0.0677166
E_error: 0.00110452
MJ: 32520.1
MJ_err: 550.32
