pfo_mT  FIT   15
Total_MJ: 131429
MJ_ratio: 0.604745 0.00227797
MJ_ratio_err: 0.00227797 0.00227797
Fit_MJ: 464332
Loose_data: 1.63355e+06
Loose_ew: 1.18824e+06
Fit_Factor: 3.53295
CR1_data: 136100
CR1_ew: 4667.93
CR1_mj: 131432
CR1_err: 375.191
CR2_data: 11014
CR2_ew: 3699.97
CR2_mj: 7314.03
CR2_err: 121.301
E_factor: 0.0556487
E_error: 0.00169352
MJ: 25839.5
MJ_err: 792.356
