leppt  FIT   25
Total_MJ: 14035.6
MJ_ratio: 0.138158 0.00141151
MJ_ratio_err: 0.00141151 0.00141151
Fit_MJ: 156759
Loose_data: 1.15741e+06
Loose_ew: 985143
Fit_Factor: 11.1687
CR1_data: 14549
CR1_ew: 503.154
CR1_mj: 14045.8
CR1_err: 122.687
CR2_data: 1634
CR2_ew: 413.335
CR2_mj: 1220.66
CR2_err: 45.2475
E_factor: 0.0869057
E_error: 0.00330964
MJ: 13623.3
MJ_err: 537.163
