pfo_mT  FIT   25
Total_MJ: 78410.5
MJ_ratio: 0.616043 0.00257126
MJ_ratio_err: 0.00257126 0.00257126
Fit_MJ: 474789
Loose_data: 1.63355e+06
Loose_ew: 1.18824e+06
Fit_Factor: 6.05517
CR1_data: 79082
CR1_ew: 671.806
CR1_mj: 78410.2
CR1_err: 282.407
CR2_data: 6321
CR2_ew: 596.825
CR2_mj: 5724.18
CR2_err: 83.1735
E_factor: 0.0730029
E_error: 0.00115764
MJ: 34661
MJ_err: 568.357
