pfo_mT_p0: -73.2117  +/- 4.56389
pfo_mT_p1: 5476.24  +/- 171.502

pfo_met_p0: -15.1073  +/- 7.39178
pfo_met_p1: 5513.26  +/- 252.672

leppt_p0: -61.3199  +/- 5.9027
leppt_p1: 5925.33  +/- 214.596

CenVal: 5700.25
Err: 439.671
