leppt  FIT   15
Total_MJ: 131431
MJ_ratio: 0.273667 0.00137067
MJ_ratio_err: 0.00137067 0.00137067
Fit_MJ: 434524
Loose_data: 1.63353e+06
Loose_ew: 1.18822e+06
Fit_Factor: 3.3061
CR1_data: 136100
CR1_ew: 4667.93
CR1_mj: 131432
CR1_err: 375.191
CR2_data: 11014
CR2_ew: 3699.97
CR2_mj: 7314.03
CR2_err: 121.301
E_factor: 0.0556487
E_error: 0.00169352
MJ: 24180.7
MJ_err: 745.773
